3 0 0 1 6 2 0 2 2 3 2 6 2 4 3 6 
6 6 1 5 0 6 5 6 6 3 7 4 7 5 5 7 
0 4 7 0 7 7 6 0 7 3 4 0 1 4 6 7 
6 5 1 4 2 6 6 3 5 3 6 3 7 3 6 3 
5 5 5 2 1 0 5 6 3 4 2 6 5 0 2 6 
0 3 4 5 7 7 1 2 3 4 2 7 0 2 3 4 
3 1 2 2 4 5 7 4 7 3 7 7 7 3 7 2 
2 6 6 1 0 7 0 1 4 3 7 0 1 5 0 0 
4 0 4 1 4 1 4 1 1 0 2 5 0 7 2 2 
2 0 5 2 6 7 4 2 2 6 4 7 3 5 5 4 
1 1 3 4 0 6 6 4 7 1 3 4 6 6 0 2 
1 5 5 6 1 3 1 5 5 6 7 1 7 6 1 4 
7 2 4 1 2 2 0 5 4 6 7 4 7 4 5 5 
0 4 5 0 6 6 2 3 7 4 5 4 6 3 1 2 
3 1 2 6 2 4 6 5 6 0 6 3 1 5 0 1 
5 4 3 3 7 0 0 0 2 1 6 5 5 6 3 2 
