236 291 238 249 235 192 227 198 287 230 228 301 172 233 259 227 
165 185 159 172 177 98 153 182 159 190 175 220 105 173 126 198 
209 269 190 273 217 159 186 216 252 201 237 275 165 261 212 213 
169 198 200 180 195 165 160 146 223 165 167 224 128 165 200 171 
156 167 195 205 199 145 133 203 227 182 226 245 145 208 202 210 
162 187 177 172 227 142 101 219 190 159 203 234 98 200 213 177 
168 202 149 145 184 164 138 156 162 171 159 199 88 131 177 156 
220 278 214 237 257 203 199 229 231 234 213 295 142 222 228 232 
268 295 275 313 298 181 231 278 326 260 276 350 203 336 291 265 
221 291 269 253 316 189 199 285 289 272 248 353 161 242 302 267 
225 243 240 252 262 199 199 251 282 243 248 323 183 274 266 259 
166 209 137 177 167 149 144 163 183 155 173 219 101 173 182 166 
122 190 136 158 195 110 139 205 161 187 177 234 119 138 164 205 
221 297 228 284 277 220 191 277 263 251 282 353 174 283 257 286 
209 201 202 198 222 152 193 233 251 227 222 281 152 214 254 234 
142 162 190 211 202 99 137 206 207 218 190 253 146 205 193 209 
