482 358 405 500 374 500 403 355 383 456 549 408 455 468 454 377 518 428 399 362 465 433 493 373 369 353 358 357 464 452 379 605 
566 479 460 514 454 465 464 382 469 404 640 509 532 464 509 381 540 445 493 426 486 489 599 451 373 396 412 346 506 529 453 676 
600 439 511 557 474 475 431 416 451 421 565 450 496 478 517 368 485 462 553 379 465 482 577 418 332 361 338 345 446 458 436 603 
512 389 427 488 430 509 391 374 386 372 500 400 421 434 406 411 439 393 438 345 453 408 538 417 324 376 323 359 474 376 353 538 
413 308 375 432 316 375 365 297 284 290 407 341 393 351 400 305 386 330 339 326 327 341 425 326 235 294 303 268 397 394 264 484 
364 281 354 405 322 398 315 262 296 342 382 310 384 326 368 279 420 300 337 284 332 295 411 319 285 307 255 265 394 338 268 399 
484 389 438 491 371 493 442 338 398 405 497 339 521 452 453 380 485 405 404 363 435 444 530 386 312 455 375 356 536 440 384 571 
677 537 536 595 476 576 467 458 542 461 648 516 539 561 540 419 567 552 573 450 622 561 657 515 443 488 425 381 492 506 496 684 
533 430 475 518 500 518 504 342 468 375 578 439 496 442 394 417 507 400 455 396 490 455 540 462 371 416 386 348 457 400 437 601 
532 350 439 477 415 476 357 348 397 294 518 397 398 414 437 345 427 385 362 384 442 436 503 413 239 319 349 299 377 395 336 523 
484 333 402 452 359 444 356 305 371 344 475 352 401 414 465 307 465 403 360 351 418 367 427 393 291 370 299 260 439 382 355 523 
475 335 395 473 486 482 381 301 354 369 595 390 419 426 424 373 411 359 447 322 411 401 511 356 374 346 361 376 426 399 401 534 
483 325 460 486 442 460 348 312 395 347 495 404 419 394 364 315 466 397 411 350 446 355 468 394 314 312 338 251 404 358 345 496 
462 358 434 478 369 467 414 303 396 360 513 455 386 387 437 298 476 377 381 343 423 354 471 396 340 355 271 292 447 438 354 579 
455 333 368 483 341 445 441 329 382 351 453 328 426 372 401 298 428 396 383 332 374 417 473 276 327 346 326 380 379 396 397 509 
503 341 440 474 385 470 449 300 369 345 534 402 475 418 336 302 412 389 416 360 361 368 517 363 310 352 341 366 427 326 368 540 
484 372 390 491 424 390 418 402 344 393 474 403 417 438 474 391 450 406 464 274 402 425 537 350 336 318 323 296 470 411 353 574 
445 297 396 459 416 406 349 287 345 304 465 324 403 386 392 309 424 343 394 323 350 351 487 343 281 323 349 310 437 395 319 468 
504 318 393 491 402 478 372 364 364 432 535 373 445 489 482 433 456 416 427 336 410 396 453 400 313 352 378 290 451 399 348 583 
377 345 328 372 323 390 317 255 329 317 459 323 384 378 382 273 406 307 380 272 361 358 448 312 296 267 289 292 343 421 320 444 
447 365 401 442 413 467 427 297 336 332 487 377 451 405 420 318 474 373 381 375 432 422 507 363 336 292 363 331 444 417 372 521 
550 354 432 542 484 464 405 411 445 373 544 420 431 446 398 414 528 417 463 372 492 439 527 442 325 347 379 358 409 421 373 582 
392 263 364 418 282 383 377 265 273 317 387 325 384 349 360 218 359 359 334 325 330 311 386 307 276 304 237 265 339 341 288 449 
533 372 437 465 390 516 403 353 362 373 501 314 500 468 429 365 447 418 424 387 409 427 474 402 258 330 391 321 452 361 374 518 
482 281 404 485 370 433 349 338 349 309 480 364 405 414 368 285 403 377 394 318 411 353 473 356 285 284 337 232 339 353 299 476 
514 377 381 492 448 458 514 308 417 354 562 398 488 493 437 361 481 414 460 369 490 448 507 418 334 362 363 326 424 419 426 612 
398 303 440 480 400 466 390 290 380 358 476 414 413 358 336 296 441 341 334 347 393 356 455 319 318 319 277 312 433 443 333 522 
470 398 482 524 441 527 484 349 427 410 543 458 514 443 459 391 520 408 443 458 484 428 563 419 397 382 394 333 540 491 392 620 
517 376 382 492 383 452 402 387 360 396 530 428 415 422 447 320 443 395 471 329 415 423 554 383 319 309 323 337 410 421 358 571 
438 302 362 421 342 383 338 277 337 335 441 305 386 364 322 277 394 330 355 284 362 341 392 330 299 336 331 259 354 349 319 456 
653 427 552 588 452 604 474 434 459 406 585 439 515 534 494 371 541 489 491 451 546 533 620 482 361 439 432 427 485 467 426 647 
358 295 326 388 326 355 304 269 297 255 428 319 402 296 368 260 356 270 339 252 308 300 432 278 232 248 244 219 288 353 281 379 
