789 779 778 734 712 784 686 742 617 718 679 664 790 673 652 653 787 664 809 843 723 608 702 866 660 775 819 785 636 762 711 874 725 836 714 641 774 706 682 727 722 789 794 706 786 771 812 742 784 807 701 787 862 798 639 581 782 695 757 750 766 842 685 712 
865 715 742 767 735 892 761 764 661 825 698 743 826 793 712 751 686 620 830 868 700 523 814 883 710 780 773 766 776 795 718 880 799 769 700 660 809 829 749 813 859 712 853 817 846 810 762 779 778 737 766 814 762 745 606 663 758 776 817 857 769 893 583 652 
911 731 721 734 721 816 757 786 633 702 731 755 830 839 692 700 676 685 655 881 725 524 730 923 731 750 774 851 622 779 740 775 817 797 788 710 753 715 655 783 840 759 830 766 707 681 815 668 741 875 749 723 861 774 701 684 779 795 733 777 784 829 692 702 
827 789 843 719 712 864 740 745 659 758 764 729 936 778 666 759 713 747 728 963 799 590 788 913 730 892 758 824 656 817 844 949 824 841 783 718 832 766 749 841 841 844 836 821 756 780 783 698 769 878 958 875 851 671 720 740 792 790 786 839 798 813 726 716 
1012 754 862 844 739 951 823 880 762 887 782 836 952 844 828 798 838 733 953 1014 804 642 825 1046 800 846 992 927 834 902 912 1050 923 862 863 817 934 865 738 837 917 1023 874 876 855 841 828 800 879 916 923 934 961 841 651 802 933 845 966 1011 832 1019 741 856 
747 692 668 683 583 739 669 618 534 666 637 619 718 645 608 602 721 612 664 742 703 506 583 756 656 648 680 692 560 819 655 779 604 718 672 581 745 677 643 707 649 677 696 681 682 665 676 574 696 636 717 627 754 663 616 463 641 632 703 691 692 771 545 635 
881 729 757 721 683 914 763 780 686 736 738 785 890 824 746 744 810 738 838 958 766 591 812 952 837 743 766 832 760 748 796 887 820 940 696 709 769 887 697 768 839 877 933 765 871 758 781 760 806 848 901 760 866 702 660 659 807 731 824 853 762 926 755 759 
802 679 770 696 564 800 703 648 584 696 607 613 743 688 660 660 715 592 715 766 647 526 753 778 677 749 843 734 588 837 738 914 710 734 718 663 776 742 675 723 703 765 708 761 717 687 697 636 739 745 779 756 708 655 651 575 760 679 805 807 659 881 656 769 
814 711 710 655 688 767 706 707 635 698 723 715 830 645 662 659 717 663 771 763 691 467 706 844 696 792 771 751 677 704 715 788 747 735 719 630 779 744 682 772 749 692 829 749 723 664 650 685 701 709 765 786 788 724 612 658 764 708 696 786 644 802 653 669 
969 832 889 774 790 1039 847 893 721 901 827 807 905 870 867 752 880 720 916 958 837 685 867 1044 885 899 879 878 723 996 888 982 923 888 926 733 904 902 795 827 861 915 1059 947 976 896 906 754 1001 960 997 931 1008 859 835 776 926 858 930 1045 908 987 771 906 
978 875 853 819 740 934 814 823 675 905 821 797 949 823 724 797 879 726 859 926 852 646 867 1038 849 882 917 849 794 919 891 879 976 940 890 727 969 853 771 843 941 872 883 874 898 856 855 756 874 841 861 841 1028 843 795 719 954 852 825 970 790 971 744 882 
1037 838 956 912 808 1050 896 908 840 1001 823 900 1017 931 856 864 865 876 971 1151 886 626 895 1068 905 917 902 1057 776 984 1010 1088 958 1002 960 801 889 933 863 901 1001 1007 1046 934 998 905 890 886 931 979 1038 937 936 850 807 816 989 913 918 998 884 1081 820 942 
912 757 811 769 737 957 756 841 707 891 845 793 903 784 784 728 871 814 895 1032 807 633 798 977 854 821 863 909 785 829 811 950 919 860 783 741 854 914 719 832 862 927 941 805 923 812 769 724 869 851 884 877 1000 783 734 741 871 776 862 910 819 930 732 777 
825 798 794 769 678 875 766 803 685 735 643 814 852 816 741 651 699 635 762 869 768 569 776 911 796 782 793 718 713 807 849 923 790 852 719 726 826 749 787 767 808 831 896 716 792 828 765 750 736 833 811 822 789 768 638 691 808 781 841 893 756 812 692 736 
871 646 728 670 626 751 743 710 536 735 713 671 819 753 610 585 694 686 687 778 697 540 686 829 788 767 738 734 645 796 713 740 767 756 707 684 735 669 648 757 759 762 745 655 719 738 705 620 649 798 792 678 811 611 655 577 710 719 676 732 576 789 634 683 
793 714 735 659 652 780 679 667 586 712 692 653 826 730 675 717 633 669 815 767 634 558 730 873 740 799 736 811 653 725 690 840 706 678 683 594 792 740 713 716 775 717 815 762 747 687 678 606 750 779 738 746 843 785 662 653 774 688 704 783 659 781 617 725 
770 817 808 730 747 899 729 672 566 720 675 688 807 749 719 684 769 697 756 875 753 594 805 873 768 854 834 767 701 781 793 871 856 837 793 728 776 763 777 770 777 868 853 668 788 706 775 731 695 726 859 767 868 703 675 744 763 740 721 865 722 851 659 698 
920 763 813 746 754 870 801 756 637 806 757 803 908 772 759 744 784 755 878 865 785 603 760 1006 770 783 798 822 717 889 797 837 886 869 774 756 804 749 775 780 830 815 861 731 852 788 839 764 740 807 816 744 903 777 680 730 706 775 802 814 806 889 739 691 
780 688 810 668 716 836 758 737 610 813 719 715 794 755 697 677 712 657 770 853 742 627 743 890 708 734 761 762 684 781 770 845 809 768 762 672 755 720 743 680 806 776 853 823 838 699 683 681 809 875 838 717 899 731 672 705 737 698 771 863 729 902 685 709 
856 693 734 733 766 901 828 799 646 801 752 790 862 827 743 701 735 672 780 875 766 562 755 884 734 777 727 794 725 750 718 849 823 861 732 713 842 796 758 796 811 816 861 726 820 839 740 770 682 801 812 793 848 725 678 686 713 765 770 869 815 881 696 688 
875 753 756 724 696 993 799 688 584 763 732 774 845 872 711 703 831 720 765 881 832 566 769 939 807 797 846 756 774 879 807 867 869 843 781 717 814 826 773 846 956 820 810 872 862 792 809 722 805 847 838 756 921 795 684 703 808 814 805 873 857 901 733 770 
849 826 797 756 748 915 845 823 728 836 794 753 980 821 738 763 749 663 816 858 830 625 804 915 793 785 784 815 756 819 787 903 753 862 795 691 808 877 757 817 890 801 881 805 844 880 820 709 801 868 824 837 941 738 732 608 828 688 784 879 788 951 700 734 
861 830 746 802 725 854 700 782 616 752 808 759 916 795 750 746 763 687 715 847 836 516 748 900 735 849 761 770 696 864 793 862 871 825 885 760 819 785 723 834 820 722 854 752 746 751 795 748 723 727 825 820 865 794 788 667 825 729 788 787 751 914 689 784 
840 855 795 805 760 980 802 788 733 820 786 820 936 868 739 747 735 759 832 900 842 526 756 911 798 876 814 829 771 863 786 893 825 831 804 737 909 755 818 815 907 906 861 803 870 804 736 799 717 836 898 846 923 758 664 744 819 848 906 877 809 858 707 811 
962 820 920 803 693 1000 809 907 790 829 789 890 1048 828 788 774 892 779 875 966 761 627 824 1018 828 935 978 854 782 845 923 975 879 967 821 754 930 930 755 865 869 990 987 831 817 875 805 784 862 943 973 925 966 826 706 805 904 863 934 989 921 882 851 828 
857 802 804 811 724 830 803 733 726 724 799 750 943 738 735 713 685 704 820 811 754 538 732 888 720 811 755 804 653 784 791 787 775 840 775 620 823 711 695 764 821 755 845 806 794 725 736 750 708 778 820 823 802 728 701 635 720 734 770 756 710 835 703 746 
828 721 751 636 754 715 721 683 571 697 700 672 825 742 598 668 703 668 761 848 662 678 738 904 705 769 806 789 642 732 701 748 835 800 786 625 828 677 686 714 755 721 773 772 709 667 736 631 772 748 696 718 867 783 720 752 684 696 744 775 701 807 690 723 
914 852 786 801 800 1022 841 909 760 825 852 806 1030 916 840 770 843 726 919 1026 926 680 894 1022 830 768 891 836 747 901 781 909 900 924 885 852 863 851 756 867 943 891 918 889 928 813 816 851 855 830 969 910 1008 816 763 820 862 803 992 986 852 952 808 873 
885 804 747 843 712 912 796 805 713 792 761 820 963 845 774 702 779 734 878 858 779 511 694 939 725 787 826 855 683 845 776 939 805 821 819 676 784 761 767 810 801 802 877 854 744 726 774 783 878 879 823 857 843 861 580 719 865 860 838 774 830 898 689 817 
1006 955 898 832 836 1135 898 879 801 946 903 911 1078 1014 920 865 854 912 915 1048 956 707 852 1091 981 889 922 989 813 1014 942 1048 935 916 980 896 947 971 873 918 1032 980 1053 950 1067 946 923 883 949 1032 1109 964 1054 798 785 811 965 913 1014 1008 934 1036 813 916 
857 715 798 692 681 896 713 819 601 802 689 649 891 818 691 617 770 666 756 892 705 556 760 843 802 751 757 718 762 934 740 835 826 773 717 738 796 806 633 812 760 796 774 783 837 802 736 687 783 813 799 805 986 739 613 704 759 772 872 848 823 835 685 744 
796 660 744 619 650 834 732 703 588 770 621 694 735 659 644 585 750 638 757 732 746 526 670 893 701 752 694 749 679 743 712 794 771 780 746 608 690 703 677 677 654 737 790 664 826 813 765 672 667 705 776 640 754 729 622 600 628 599 734 827 668 927 626 627 
1078 876 989 825 811 1067 932 957 793 882 816 904 1000 910 843 860 867 767 964 1021 887 674 942 1146 965 896 1002 930 951 986 972 956 1035 974 924 830 981 977 790 897 1066 1011 1042 962 994 951 935 864 923 956 943 935 1051 930 783 866 957 873 998 1090 887 1115 839 897 
900 786 750 738 765 936 808 751 650 716 715 721 925 873 753 726 700 667 762 916 770 535 798 871 703 832 750 760 664 778 811 877 790 922 740 786 763 782 764 850 787 819 848 780 794 763 781 759 749 855 904 824 885 762 687 668 764 804 774 873 778 881 733 787 
869 817 826 811 765 954 832 799 721 790 775 766 935 877 730 824 747 773 841 1007 806 636 798 927 786 858 780 782 726 860 828 863 811 906 845 812 858 764 772 832 938 870 870 805 828 824 804 761 805 948 886 801 999 740 732 686 819 798 783 901 841 921 782 833 
929 840 853 809 768 992 875 822 754 886 829 793 1014 844 756 770 837 799 868 903 882 642 904 992 851 955 884 964 780 888 868 951 913 868 801 766 898 840 808 876 1003 930 903 942 884 826 769 833 833 965 988 886 1009 863 685 767 875 886 882 957 808 917 776 811 
883 767 723 725 709 896 681 787 648 820 702 789 877 749 716 763 729 726 846 897 794 542 755 838 704 774 808 822 743 809 786 837 739 795 748 672 791 824 668 863 792 777 859 762 773 749 731 723 815 781 809 794 789 719 678 597 807 741 792 896 778 904 669 784 
891 763 755 702 692 846 663 740 675 778 652 738 841 794 623 727 728 678 745 971 709 547 742 875 784 726 791 806 698 800 727 872 832 781 709 731 776 744 677 755 771 892 807 844 746 734 780 718 829 787 779 780 874 625 687 650 834 748 788 824 727 902 623 761 
886 851 921 770 729 880 860 908 762 857 825 730 954 810 758 659 803 727 897 1000 867 671 818 908 788 872 873 825 713 936 828 956 842 930 831 820 862 816 746 845 896 944 869 876 894 808 749 725 877 913 936 896 968 758 782 714 838 777 920 974 809 989 832 806 
915 865 849 844 751 965 828 822 743 801 825 831 1003 887 722 794 860 774 787 901 872 621 822 1067 847 877 826 863 696 905 911 911 898 900 891 802 879 800 810 888 928 871 917 868 805 832 842 811 827 936 947 881 968 806 707 847 931 857 862 942 819 932 808 860 
794 780 802 789 678 820 755 834 668 735 740 786 925 773 736 607 781 696 775 838 803 565 782 933 764 824 756 738 627 894 848 891 843 842 822 745 853 765 661 751 773 755 845 757 773 791 759 784 709 785 929 840 809 739 630 664 846 763 784 856 725 879 723 818 
916 827 853 774 781 912 904 843 719 772 807 837 959 833 802 732 828 784 865 993 811 628 838 969 851 847 845 841 758 860 819 952 880 907 789 719 940 780 800 833 857 852 925 856 850 819 784 811 789 854 876 838 881 860 723 759 780 816 864 946 850 883 797 816 
801 737 713 673 640 741 634 746 604 622 711 703 852 725 582 577 755 585 689 813 645 501 652 796 737 749 733 610 718 738 647 814 737 745 584 715 674 637 681 818 681 681 777 682 643 656 692 658 658 702 738 714 805 701 589 701 701 651 770 730 652 743 711 675 
877 777 826 713 729 893 824 802 708 780 776 768 927 853 741 703 785 746 796 965 783 614 769 973 750 714 802 852 719 851 782 960 827 814 762 720 828 756 755 808 814 813 834 874 807 744 786 691 820 896 917 817 908 828 606 797 816 750 890 909 816 899 775 837 
955 755 816 767 749 842 708 785 675 804 737 792 850 739 697 760 732 728 787 830 780 601 802 943 771 849 833 791 804 837 849 824 814 791 756 715 832 777 672 763 850 783 908 734 806 805 782 736 747 781 781 793 865 804 685 664 784 720 808 843 741 898 634 676 
824 668 787 711 666 750 788 684 668 765 718 655 758 660 685 702 652 627 701 731 741 492 775 887 649 751 769 855 638 748 849 847 765 760 810 616 781 624 621 664 831 778 771 761 745 673 680 682 683 799 835 743 800 785 692 668 726 681 731 770 695 909 673 793 
897 738 765 707 627 874 763 769 643 735 664 741 808 765 721 701 684 680 766 895 708 608 788 930 798 873 825 807 709 745 805 891 792 860 798 724 791 784 704 749 866 837 863 780 842 744 735 774 798 844 836 773 821 761 750 688 775 766 845 921 778 790 689 706 
899 797 903 789 736 978 842 842 760 810 761 750 980 814 788 752 780 678 864 908 765 616 800 942 740 781 925 834 706 885 824 924 847 901 779 723 842 886 737 813 850 798 936 899 854 843 837 790 862 877 921 889 914 782 720 727 780 770 937 841 846 959 753 805 
716 707 766 643 637 848 771 695 633 738 717 599 807 652 695 660 598 659 767 768 670 525 671 875 693 657 705 736 668 650 751 720 792 725 695 641 745 743 592 648 792 733 771 635 769 711 635 617 654 737 816 729 848 608 604 694 691 630 758 824 693 850 721 674 
907 849 888 856 776 957 881 887 766 922 862 791 1064 841 783 730 808 769 938 967 876 692 857 1052 835 849 884 897 723 850 860 940 975 918 850 814 892 877 758 895 939 857 930 844 893 860 822 792 854 940 929 844 971 793 714 760 851 844 908 940 855 981 779 796 
810 737 770 761 680 912 813 731 622 723 714 650 827 792 710 683 741 667 806 788 742 551 777 883 782 869 766 758 798 875 794 907 779 814 779 693 769 784 704 812 826 817 781 797 857 741 763 741 782 827 807 725 893 799 735 674 720 688 842 833 832 983 763 784 
918 777 827 687 712 926 737 821 716 846 719 791 1023 839 801 761 805 775 772 938 785 522 813 859 770 754 675 825 664 821 813 875 793 926 740 738 754 823 737 805 799 798 955 797 821 894 779 815 741 835 918 871 854 729 698 623 803 745 777 919 833 930 752 739 
855 683 719 704 651 896 787 769 675 794 730 716 950 717 743 655 869 675 758 819 737 475 730 882 683 782 731 860 620 757 767 917 764 932 727 637 759 857 730 733 751 822 873 710 756 888 728 778 704 718 867 834 829 793 618 602 772 719 756 824 797 868 715 659 
792 676 721 761 687 798 742 684 637 701 633 632 827 724 668 706 688 626 720 820 722 502 819 901 730 777 744 757 738 773 810 819 828 771 736 739 797 744 606 710 892 915 751 694 722 721 651 704 680 730 822 824 904 721 632 687 774 726 794 751 702 833 692 730 
876 774 774 832 696 921 761 783 734 751 729 814 919 810 770 728 748 733 821 973 801 535 769 884 806 817 829 843 694 846 796 911 834 837 808 746 821 779 710 821 831 905 819 838 792 758 798 692 787 851 851 871 867 730 687 694 828 774 808 859 790 873 719 800 
887 791 899 772 733 896 829 722 633 852 726 743 844 808 797 750 779 797 901 965 774 642 787 935 817 766 871 872 795 831 824 1038 765 842 756 730 920 837 784 833 876 848 892 776 833 779 734 735 798 887 856 802 868 797 671 662 880 782 775 883 791 966 663 818 
869 732 783 766 679 786 721 830 638 782 723 827 858 748 724 706 745 620 728 888 687 518 715 957 725 735 802 774 650 828 802 866 814 811 768 627 832 769 715 690 830 714 945 802 753 777 770 716 798 835 753 838 847 822 703 702 892 784 739 828 795 774 622 705 
904 734 868 850 704 833 872 714 617 825 749 700 902 821 752 700 789 743 800 804 691 617 816 925 788 909 808 827 713 920 893 979 826 864 840 718 861 749 777 742 854 802 828 768 854 830 758 802 744 858 877 843 909 886 680 710 786 798 797 829 786 918 742 825 
962 793 858 830 781 991 851 870 762 920 808 807 991 903 820 817 761 797 882 1031 822 594 908 992 851 820 821 901 812 925 895 949 857 914 761 788 902 861 756 790 949 961 908 867 954 891 821 766 861 944 916 844 1032 772 721 696 871 824 834 915 893 954 738 797 
793 773 807 698 679 828 695 752 633 763 669 643 891 734 704 632 649 613 838 820 632 519 714 865 717 758 760 731 713 741 713 877 765 718 688 643 735 709 654 755 688 783 830 636 695 716 680 750 712 754 797 760 830 741 611 654 754 717 767 750 696 867 610 753 
838 733 796 684 813 801 839 829 746 781 775 786 815 701 677 745 694 614 887 807 812 584 800 962 672 786 783 834 653 798 671 800 773 714 731 664 820 734 727 704 852 840 902 853 826 784 751 688 822 876 856 821 898 759 676 673 754 701 763 858 791 920 658 665 
920 702 884 790 686 910 825 797 679 783 759 737 890 787 719 682 823 732 799 886 729 631 789 970 789 838 847 866 611 918 802 900 862 823 916 774 806 758 741 818 898 793 873 900 800 819 803 775 841 959 765 848 903 887 695 813 826 792 840 880 870 917 758 807 
731 754 632 601 623 868 652 591 546 661 651 695 749 693 684 603 726 656 673 776 730 481 610 791 677 662 659 667 606 698 696 746 729 754 756 618 646 689 658 657 708 723 770 677 744 649 678 688 689 671 796 698 761 657 583 584 731 664 745 839 730 808 676 685 
1010 852 855 831 805 983 814 901 768 871 836 871 1020 881 789 754 823 790 952 1008 889 708 838 1037 870 870 940 931 847 930 820 999 900 867 783 862 898 860 824 926 893 916 911 870 908 801 803 858 852 892 912 835 986 830 668 789 847 835 966 869 797 940 725 776 
